CE 23 23
CE 24 24
B7 26 23 23
C5 23 28 10
C5 24 28 10
CD 29 02 00 22 41 20 31 22
CD 29 02 00 22 4F 20 30 2C 50 20 30 20 31 31 20 33 31 32 22
CD 29 02 00 22 41 20 30 22
CD 29 30 50 28 0B 29 02 38 28 44 29 03 0F
CD 29 02 00 22 45 22
CD 29 02 00 22 49 22
BC A2 10 2C 01 81 97 A4
D0 25
A3
BC A2 10 02 00
81 97
D1 23 26
A6 23 23 28 4F 29 03 0F
AA 24
D1 24
CD 29 3F 40 28 0B 28 27 28 3A 28 0B 26 23 23
A6 28 0C 29 02 3C 28 43 29 03 0A
AA 23
A7 28 0C 29 02 5A
81 40
81 40
81 40
81 40
81 40
81 40
81 40
81 40
81 40
81 40
21 20 00
81 73
81 5C
8C BB
8D DD
81 5C
81 74
CD 29 02 00 22 41 20 31 22
C9 22 41 3A 5C 52 42 5F 50 41 52 54 53 5C 46 52 41 4D 45 5F 30 2E 47 50 43 22
CF 23 26
C9 22 42 3A 5C 52 42 5F 47 50 43 5C 52 42 5F 30 36 2E 47 50 43 22
CF 24 26
CD 29 17 00 22 43 6F 70 79 20 41 3A 5C 52 42 5F 50 41 52 54 53 5C 47 5F 46 52 41 4D 45 30 2E 47 50 43 2C 47 50 43 22
CF 23 23
CD 29 17 00 22 43 6F 70 79 20 41 3A 5C 52 42 5F 50 41 52 54 53 5C 47 5F 46 52 41 4D 45 31 2E 47 50 43 2C 47 50 43 22
CF 23 23
CD 29 17 00 22 43 6F 70 79 20 41 3A 5C 52 42 5F 50 41 52 54 53 5C 47 5F 46 52 41 4D 45 32 2E 47 50 43 2C 47 50 43 22
CF 23 23
BC A2 10 2C 01 81 97 A4
81 97
10 2C 01
81 97
C0 22 41 3A 5C 52 42 5F 4D 45 53 5C 55 53 4F 5F 47 4C 49 50 2E 4D 45 43 22 23
C0 23 A3 CD 29 02 00 22 47 20 30 20 31 31 20 33 31 32 20 35 38 20 38 38 22 CD 29 02 00 22 43 20 30 20 31 31 20 33 31 32 20 35 38 20 38 38 20 31 20 31 31 20 33 31 32 22 CD 29 02 00 22 41 20 30 22 CD 29 30 50 23 23 28 4F 29 03 0F A6 28 0C 29 02 3C 28 43 29 03 0A BC A2 0B 88 81 97 A4 0F 88 81 97 D0 23 D0 24 81 97 0B 88 81 97 A3 AB AA 23 21 20 00 97 49 21 20 00 81 71 81 5C 81 5C 41 81 45 52 81 45 54 81 72 A5 81 A4 A5 81 A4 A5 81 A4 A5 AB AA 23 21 20 00 97 49 21 20 00 81 71 8D A1 93 FA 5B 81 41 90 6D 41 7F 38 81 65 91 5E 97 85 81 66 5A 93 58 94 D4 7E 43 52 3B 78 77 43 81 5C 81 5C 81 72 81 A4 A5 81 A4 A5 81 A4 A5 AB AA 23 21 20 00 97 49 21 20 00 81 71 6A 2E 81 63 81 63 81 67 93 58 94 D4 7E 43 52 3B 78 77 81 68 54 30 4F 52 6E 81 41 6E 54 6E 54 5B 81 40 81 40 81 40 90 6D 41 7F 5A 8B 69 92 83 93 58 4C 3D 55 59 81 72 A5 81 A4 A5 81 A4 A5 AB AA 23 21 20 00 97 49 21 20 00 81 71 8B 76 43 62 76 5A 83 49 83 74 4C 43 81 5C 81 5C 81 72 A5 81 A4 A5 81 A4 A5 81 A4 A5 AB AA 23 21 20 00 97 49 21 20 00 81 71 82 50 93 FA 92 86 81 63 81 63 92 8B 90 51 53 6E 43 52 74 32 37 56 81 72 A5 81 A4 A5 81 A4 A5 81 A4 A5 AB AA 23 21 28 00 90 BA 21 29 00 81 75 97 49 81 5C 81 5C 81 76 A5 81 A4 A5 81 A4 A5 81 A4 A5 AB AA 23 21 28 00 90 BA 21 29 00 81 75 81 5C 81 5C 97 49 81 41 3F 4D 75 7E 40 75 7F 56 41 30 81 76 A5 81 A2 A4 10 02 01 81 97 BC A2 0F 8A 81 97 A4 0B 8A 81 97 CD 29 02 00 22 41 20 31 22 CD 29 17 00 22 43 6F 70 79 20 41 3A 5C 52 42 5F 50 41 52 54 53 5C 47 5F 45 52 41 53 45 52 2E 47 50 43 2C 47 50 43 22 CF 23 23 CD 29 02 00 22 41 20 30 22 CD 29 30 50 28 05 23 28 4A 29 02 42 A3 81 97 0B 8A 81 97 CD 29 02 00 22 41 20 31 22 C9 22 42 3A 5C 52 42 5F 47 50 43 5C 52 42 5F 30 36 2E 47 50 43 22 CF 23 26 CD 29 17 00 22 43 6F 70 79 20 41 3A 5C 52 42 5F 50 41 52 54 53 5C 47 5F 46 52 41 4D 45 30 2E 47 50 43 2C 47 50 43 22 CF 23 23 CD 29 17 00 22 43 6F 70 79 20 41 3A 5C 52 42 5F 50 41 52 54 53 5C 47 5F 46 52 41 4D 45 31 2E 47 50 43 2C 47 50 43 22 CF 23 23 CD 29 17 00 22 43 6F 70 79 20 41 3A 5C 52 42 5F 50 41 52 54 53 5C 47 5F 46 52 41 4D 45 32 2E 47 50 43 2C 47 50 43 22 CF 23 23 BC A2 10 2C 01 81 97 A4 81 97 10 2C 01 81 97 C0 22 41 3A 5C 52 42 5F 4D 45 53 5C 55 53 4F 5F 47 4C 49 50 2E 4D 45 43 22 23 C0 23 A3 CD 29 02 00 22 41 20 30 22 BC A2 0B 85 81 97 CD 29 30 50 28 05 23 28 4A 29 02 42 A4 0F 85 81 97 CD 29 6F 40 28 06 23 28 49 29 02 37 26 24 25 28 22 A3 81 97 0B 85 81 97 BC A2 0B 88 81 97 A4 0F 88 81 97 D0 23 D0 24 81 97 0B 88 81 97 A3 CD 29 02 00 22 47 20 30 20 31 31 20 33 31 32 20 35 38 20 38 38 22 CD 29 3F 40 28 0B 28 27 28 3A 28 0B 26 23 23 A6 28 0C 29 02 3C 28 43 29 03 0A AA 23 21 20 00 97 49 21 20 00 81 75 2E 7F 6A 76 83 49 83 57 83 54 83 93 7E 81 41 37 75 37 32 83 82 83 6D 44 6F 56 30 74 81 76 A5 81 A4 A5 81 A4 A5 81 A4 A5 AB AA 23 94 FC 89 C4 81 75 89 BD 30 4F 52 77 5A 81 63 81 63 97 49 5B 81 41 6A 4C 93 F1 8F 5C 8E 6C 8D CE 53 43 73 32 81 48 81 76 A5 81 A2 A4 10 02 02 81 97 BC A2 0F 8A 81 97 A4 0B 8A 81 97 CD 29 02 00 22 41 20 31 22 CD 29 17 00 22 43 6F 70 79 20 41 3A 5C 52 42 5F 50 41 52 54 53 5C 47 5F 45 52 41 53 45 52 2E 47 50 43 2C 47 50 43 22 CF 23 23 CD 29 02 00 22 41 20 30 22 CD 29 30 50 28 05 23 28 4A 29 02 42 A3 81 97 0B 8A 81 97 CD 29 02 00 22 41 20 31 22 C9 22 42 3A 5C 52 42 5F 47 50 43 5C 52 42 5F 30 36 2E 47 50 43 22 CF 23 26 CD 29 17 00 22 43 6F 70 79 20 41 3A 5C 52 42 5F 50 41 52 54 53 5C 47 5F 46 52 41 4D 45 30 2E 47 50 43 2C 47 50 43 22 CF 23 23 CD 29 17 00 22 43 6F 70 79 20 41 3A 5C 52 42 5F 50 41 52 54 53 5C 47 5F 46 52 41 4D 45 31 2E 47 50 43 2C 47 50 43 22 CF 23 23 CD 29 17 00 22 43 6F 70 79 20 41 3A 5C 52 42 5F 50 41 52 54 53 5C 47 5F 46 52 41 4D 45 32 2E 47 50 43 2C 47 50 43 22 CF 23 23 BC A2 10 2C 01 81 97 A4 81 97 10 2C 01 81 97 C0 22 41 3A 5C 52 42 5F 4D 45 53 5C 55 53 4F 5F 47 4C 49 50 2E 4D 45 43 22 23 C0 23 A3 CD 29 02 00 22 41 20 30 22 BC A2 0B 85 81 97 CD 29 30 50 28 05 23 28 4A 29 02 42 A4 0F 85 81 97 CD 29 6F 40 28 06 23 28 49 29 02 37 26 24 25 28 22 A3 81 97 0B 85 81 97 BC A2 0B 88 81 97 A4 0F 88 81 97 D0 23 D0 24 81 97 0B 88 81 97 A3 CD 29 02 00 22 47 20 30 20 31 31 20 33 31 32 20 35 38 20 38 38 22 CD 29 3F 40 28 0B 28 27 28 3A 28 0B 26 23 23 A6 28 0C 29 02 3C 28 43 29 03 0A AA 23 D0 73 65 24 81 40 81 40 81 40 81 40 81 40 81 40 81 40 81 40 81 40 21 20 00 81 73 81 64 83 73 83 93 83 7C 81 60 83 93 81 64 81 74 A5 81 A2 A3 AB 81 6F CD 29 02 00 22 41 20 31 22 CD 29 02 00 22 4F 20 30 2C 50 20 30 20 31 31 20 33 31 32 22 BC A2 10 02 00 81 97 BC A2 08 01 08 02 81 97 CD 29 17 00 22 43 6F 70 79 20 41 3A 5C 52 42 5F 50 41 52 54 53 5C 43 4F 4D 5F 57 49 4E 31 2E 47 50 43 2C 47 50 43 22 CF 23 23 28 0B 29 02 38 CD 29 17 00 22 43 6F 70 79 20 41 3A 5C 52 42 5F 50 41 52 54 53 5C 43 4F 4D 5F 57 49 4E 33 2E 47 50 43 2C 47 50 43 22 CF 23 23 28 0B 29 02 4E A4 0C 01 08 02 81 97 CD 29 17 00 22 43 6F 70 79 20 41 3A 5C 52 42 5F 50 41 52 54 53 5C 43 4F 4D 5F 57 49 4E 31 2E 47 50 43 2C 47 50 43 22 CF 23 23 28 0B 29 02 38 CD 29 17 00 22 43 6F 70 79 20 41 3A 5C 52 42 5F 50 41 52 54 53 5C 43 4F 4D 5F 57 49 4E 32 2E 47 50 43 2C 47 50 43 22 CF 23 23 28 0B 29 02 4E CD 29 17 00 22 43 6F 70 79 20 41 3A 5C 52 42 5F 50 41 52 54 53 5C 43 4F 4D 5F 57 49 4E 33 2E 47 50 43 2C 47 50 43 22 CF 23 23 28 0B 29 02 63 A4 08 01 0C 02 81 97 CD 29 17 00 22 43 6F 70 79 20 41 3A 5C 52 42 5F 50 41 52 54 53 5C 43 4F 4D 5F 57 49 4E 31 2E 47 50 43 2C 47 50 43 22 CF 23 23 28 0B 29 02 38 CD 29 17 00 22 43 6F 70 79 20 41 3A 5C 52 42 5F 50 41 52 54 53 5C 43 4F 4D 5F 57 49 4E 32 2E 47 50 43 2C 47 50 43 22 CF 23 23 28 0B 29 02 4E CD 29 17 00 22 43 6F 70 79 20 41 3A 5C 52 42 5F 50 41 52 54 53 5C 43 4F 4D 5F 57 49 4E 33 2E 47 50 43 2C 47 50 43 22 CF 23 23 28 0B 29 02 63 A4 0C 01 0C 02 81 97 CD 29 17 00 22 43 6F 70 79 20 41 3A 5C 52 42 5F 50 41 52 54 53 5C 43 4F 4D 5F 57 49 4E 31 2E 47 50 43 2C 47 50 43 22 CF 23 23 28 0B 29 02 38 CD 29 17 00 22 43 6F 70 79 20 41 3A 5C 52 42 5F 50 41 52 54 53 5C 43 4F 4D 5F 57 49 4E 32 2E 47 50 43 2C 47 50 43 22 CF 23 23 28 0B 29 02 4E CD 29 17 00 22 43 6F 70 79 20 41 3A 5C 52 42 5F 50 41 52 54 53 5C 43 4F 4D 5F 57 49 4E 32 2E 47 50 43 2C 47 50 43 22 CF 23 23 28 0B 29 02 63 CD 29 17 00 22 43 6F 70 79 20 41 3A 5C 52 42 5F 50 41 52 54 53 5C 43 4F 4D 5F 57 49 4E 33 2E 47 50 43 2C 47 50 43 22 CF 23 23 28 0B 29 02 78 A3 A4 10 02 01 81 97 CD 29 17 00 22 43 6F 70 79 20 41 3A 5C 52 42 5F 50 41 52 54 53 5C 43 4F 4D 5F 57 49 4E 31 2E 47 50 43 2C 47 50 43 22 CF 23 23 28 0B 29 02 38 CD 29 17 00 22 43 6F 70 79 20 41 3A 5C 52 42 5F 50 41 52 54 53 5C 43 4F 4D 5F 57 49 4E 33 2E 47 50 43 2C 47 50 43 22 CF 23 23 28 0B 29 02 4E A4 10 02 02 81 97 CD 29 17 00 22 43 6F 70 79 20 41 3A 5C 52 42 5F 50 41 52 54 53 5C 43 4F 4D 5F 57 49 4E 31 2E 47 50 43 2C 47 50 43 22 CF 23 23 28 0B 29 02 38 CD 29 17 00 22 43 6F 70 79 20 41 3A 5C 52 42 5F 50 41 52 54 53 5C 43 4F 4D 5F 57 49 4E 32 2E 47 50 43 2C 47 50 43 22 CF 23 23 28 0B 29 02 4E CD 29 17 00 22 43 6F 70 79 20 41 3A 5C 52 42 5F 50 41 52 54 53 5C 43 4F 4D 5F 57 49 4E 33 2E 47 50 43 2C 47 50 43 22 CF 23 23 28 0B 29 02 63 A3 BC A2 10 02 00 81 97 A7 28 0C 29 02 3C BC A2 10 00 00 81 97 81 77 81 63 81 63 32 77 41 30 56 2E 81 78 A4 10 00 01 81 97 81 77 81 63 81 63 96 B3 8E 8B 81 41 83 80 83 56 81 78 A4 10 00 02 81 97 81 77 49 7F 56 3F 54 81 63 81 63 83 49 83 8C 5B 81 41 97 8A 7F 4C 89 AF 34 38 56 30 81 78 A4 10 00 03 81 97 81 77 81 63 81 63 6E 32 81 41 8B 41 78 74 81 78 A3 A7 28 0C 29 02 51 BC A2 08 01 81 97 81 77 81 63 81 63 8F AD 43 81 41 96 D9 4F 52 30 52 3B 78 56 30 37 81 78 A4 0C 01 81 97 81 77 49 78 5B 81 41 49 78 5B 81 63 81 63 81 78 A3 BC A2 08 01 08 02 81 97 A4 0C 01 08 02 81 97 A7 28 0C 29 02 66 81 77 49 32 30 34 5C 81 63 81 63 92 A9 83 81 83 56 81 41 6A 4C 90 48 4F 52 30 56 37 4F 4B 81 78 A4 08 01 0C 02 81 97 A7 28 0C 29 02 66 81 77 43 73 32 38 56 30 56 2E 81 63 81 63 81 78 A4 0C 01 0C 02 81 97 A7 28 0C 29 02 66 81 77 43 73 32 38 56 30 56 2E 81 63 81 63 81 78 A7 28 0C 29 02 7B 81 77 49 32 30 34 5C 81 63 81 63 92 A9 83 81 83 56 81 41 6A 4C 90 48 4F 52 30 56 37 4F 4B 81 78 A3 A4 10 02 01 81 97 A7 28 0C 29 02 3C BC A2 08 01 81 97 81 77 30 30 37 3E 7F 57 43 52 81 41 6E 32 8B 41 78 74 81 5C 81 5C 94 FC 89 C4 81 78 A4 0C 01 81 97 81 77 6A 4F 4B 3B 81 63 81 63 8D A2 4F 4B 36 8F EC 41 6A 4C 56 81 78 A3 A7 28 0C 29 02 51 81 77 94 FC 89 C4 81 5C 81 5C 36 8F EC 41 6A 56 75 81 41 36 8F EC 41 6A 75 43 3B 43 52 30 79 74 81 78 A4 10 02 02 81 97 BC A2 08 05 81 97 A7 28 0C 29 02 3C BC A2 08 01 81 97 81 77 94 FC 89 C4 5B 81 63 81 63 83 49 83 8C 57 81 41 8D 9B 78 52 30 77 5A 37 81 48 81 78 A4 0C 01 81 97 81 77 36 44 30 41 6A 81 63 81 63 59 34 81 78 A3 A4 0C 05 81 97 81 97 A3 BC A2 08 05 81 97 A7 28 0C 29 02 51 A4 0C 05 81 97 A7 28 0C 29 02 3C A3 BC A2 10 00 00 81 97 81 77 92 4E 37 97 88 4B 74 32 4C 81 63 81 63 81 78 A4 10 00 01 81 97 81 77 94 FC 89 C4 81 41 4D 73 4F 54 8F 6F 52 6B 52 3B 78 56 30 37 81 78 A4 10 00 02 81 97 81 77 5E 73 4F 54 43 4B 75 81 41 94 FC 89 C4 57 97 70 8E 96 37 6E 92 6D 78 56 30 83 5D 81 78 A4 10 00 03 81 97 81 77 43 50 3F 30 56 2E 81 63 81 63 2E 39 75 6D 52 81 41 8B 41 78 5C 30 30 5A 57 81 78 A3 BC A2 08 05 81 97 A7 28 0C 29 02 66 A4 0C 05 81 97 A7 28 0C 29 02 51 A3 81 77 94 FC 89 C4 81 5C 81 5C 96 5D 6B 92 CA 76 81 41 8C A9 52 70 77 83 5B 81 49 81 78 BC A2 08 05 81 97 81 97 A4 0C 05 81 97 A7 28 0C 29 02 66 81 77 81 5C 81 5C 89 9F 94 84 81 41 8A A9 97 55 56 75 36 92 66 7B 76 4C 81 49 81 78 A3 A3 CD 29 02 00 22 41 20 30 22 CD 29 30 50 28 0B 29 02 38 28 44 29 03 0F CD 29 50 40 23 2A 62 30 BC A2 10 02 00 81 97 BC A2 08 01 08 02 81 97 CD 29 6B 40 28 65 28 58 29 02 3B 29 04 27 29 02 62 81 97 0F 87 81 97 BB A2 0F 87 81 97 C5 23 28 10 C5 24 28 10 CD 29 50 40 24 23 24 24 26 29 07 06 A3 A4 0C 01 08 02 81 97 CD 29 6B 40 28 65 28 58 29 02 3B 29 04 27 29 02 77 81 97 0F 87 81 97 BB A2 0F 87 81 97 C5 23 28 10 C5 24 28 10 CD 29 50 40 24 23 24 24 27 29 07 06 A3 A4 08 01 0C 02 81 97 CD 29 6B 40 28 65 28 58 29 02 3B 29 04 27 29 02 77 81 97 0F 87 81 97 BB A2 0F 87 81 97 C5 23 28 10 C5 24 28 10 CD 29 50 40 24 23 24 24 27 29 07 06 A3 A4 0C 01 0C 02 81 97 CD 29 6B 40 28 65 28 58 29 02 3B 29 04 27 29 03 0F 81 97 0F 87 81 97 BB A2 0F 87 81 97 C5 23 28 10 C5 24 28 10 CD 29 50 40 24 23 24 24 28 05 29 07 06 A3 A3 BC A2 10 22 00 81 97 A4 10 22 01 81 97 BC A2 10 00 00 81 97 81 97 10 28 01 81 97 A4 10 00 01 81 97 81 97 10 28 02 81 97 A4 10 00 02 81 97 81 97 10 28 03 81 97 A4 10 00 03 81 97 81 97 10 28 04 81 97 A3 A4 10 22 02 81 97 BC A2 08 01 81 97 81 97 10 28 05 81 97 A4 0C 01 81 97 81 97 10 28 06 81 97 A3 A4 10 22 03 81 97 BC A2 08 01 08 02 81 97 81 97 A4 0C 01 08 02 81 97 81 97 10 28 08 81 97 A4 08 01 0C 02 81 97 81 97 10 28 07 81 97 A4 0C 01 0C 02 81 97 81 97 10 28 07 81 97 A3 A4 10 22 04 81 97 BC A2 08 01 08 02 81 97 81 97 A4 0C 01 08 02 81 97 81 97 A4 08 01 0C 02 81 97 81 97 A4 0C 01 0C 02 81 97 81 97 10 28 08 81 97 A3 A3 A4 10 02 01 81 97 CD 29 6B 40 28 65 28 58 29 02 3B 29 04 27 29 02 62 81 97 0F 87 81 97 BB A2 0F 87 81 97 C5 23 28 10 C5 24 28 10 CD 29 50 40 24 23 24 24 26 29 07 06 A3 BC A2 10 22 00 81 97 81 97 A4 10 22 01 81 97 BC A2 08 01 81 97 81 97 10 28 09 81 97 A4 0C 01 81 97 81 97 10 28 0A 81 97 A3 A4 10 22 02 81 97 81 97 10 28 0B 81 97 A3 A4 10 02 02 81 97 CD 29 6B 40 28 65 28 58 29 02 3B 29 04 27 29 02 77 81 97 0F 87 81 97 BB A2 0F 87 81 97 C5 23 28 10 C5 24 28 10 CD 29 50 40 24 23 24 24 27 29 07 06 A3 BC A2 08 05 81 97 BC A2 10 22 00 81 97 81 97 A4 10 22 01 81 97 BC A2 08 01 81 97 81 97 10 28 0C 81 97 A4 0C 01 81 97 81 97 10 28 0D 81 97 A3 A4 10 22 02 81 97 BC A2 10 00 00 81 97 81 97 10 28 0E 81 97 A4 10 00 01 81 97 81 97 10 28 0F 81 97 A4 10 00 02 81 97 81 97 10 28 10 81 97 A4 10 00 03 81 97 81 97 10 28 11 81 97 A3 A4 10 22 03 81 97 81 97 10 28 12 81 97 A3 A4 0C 05 81 97 BC A2 10 22 00 81 97 81 97 A4 10 22 01 81 97 BC A2 10 00 00 81 97 81 97 10 28 0E 81 97 A4 10 00 01 81 97 81 97 10 28 0F 81 97 A4 10 00 02 81 97 81 97 10 28 10 81 97 A4 10 00 03 81 97 81 97 10 28 11 81 97 A3 A4 10 22 02 81 97 81 97 10 28 12 81 97 A4 10 22 03 81 97 81 97 10 28 13 81 97 A3 A3 A3 AF AB 81 70 FF FF 10 28 00 81 97 FF FF 10 28 01 81 97 CD 29 3F 40 28 0B 28 27 28 3A 28 0B 26 23 23 A6 28 0C 29 02 3C 28 43 29 03 0A AA 23 21 28 00 90 BA 21 29 00 81 75 81 67 32 77 41 30 81 68 4F 52 81 41 89 BD 74 81 63 81 63 8E B8 97 E7 59 81 49 81 76 A5 81 A4 A5 81 A4 A5 81 A4 A5 AB AA 23 21 28 00 90 BA 21 29 00 81 75 3F 4F 4D 7E 8C FC 39 56 41 30 81 41 97 49 81 5C 81 5C 21 21 21 00 81 76 A5 81 A2 81 97 10 00 01 81 97 FF FF 10 28 02 81 97 CD 29 3F 40 28 0B 28 27 28 3A 28 0B 26 23 23 A6 28 0C 29 02 3C 28 43 29 03 0A AA 23 21 28 00 90 BA 21 29 00 81 75 89 BD 74 81 41 3F 5A 83 41 83 5E 83 56 7E 96 B3 8E 8B 45 77 8B 43 81 5C 81 5C 21 21 3F 00 81 76 A5 81 A4 A5 81 A4 A5 81 A4 A5 AB AA 23 21 28 00 90 BA 21 29 00 81 75 97 49 57 89 EF 32 83 5E 83 81 57 81 41 7B 42 7B 42 3F 5A 89 A1 95 6C 6A 53 97 88 52 8F E3 3E 4B A5 81 40 81 40 81 40 54 30 32 5A 57 81 49 81 76 A5 81 A2 81 97 10 00 02 81 97 FF FF 10 28 03 81 97 CD 29 3F 40 28 0B 28 27 28 3A 28 0B 26 23 23 A6 28 0C 29 02 3C 28 43 29 03 0A AA 23 21 28 00 90 BA 21 29 00 81 75 83 41 83 5E 83 56 5B 81 41 59 81 5C 81 5C 81 76 A5 81 A4 A5 81 A4 A5 81 A4 A5 AB AA 23 21 28 00 90 BA 21 29 00 81 75 36 44 30 41 6A 5A 36 8C BE 30 50 3D 53 81 41 3F 3F 64 97 88 52 30 77 5A 74 81 76 A5 81 A4 A5 81 A4 A5 81 A4 A5 AB AA 23 21 28 00 90 BA 21 29 00 81 75 83 41 83 5E 83 56 5A 36 44 30 41 6A 81 63 81 63 97 49 5A 3F 54 38 81 41 36 8B 43 57 93 FC 76 A5 81 40 81 40 81 40 56 7F 4C 6E 5A 81 76 A5 81 A2 81 97 10 00 03 81 97 81 97 0C 02 81 97 FF FF 10 28 04 81 97 CD 29 3F 40 28 0B 28 27 28 3A 28 0B 26 23 23 A6 28 0C 29 02 3C 28 43 29 03 0A AA 23 21 28 00 90 BA 21 29 00 81 75 83 43 83 84 74 81 5C 81 5C 81 49 81 76 A5 81 A2 FF FF 10 28 05 81 97 CD 29 3F 40 28 0B 28 27 28 3A 28 0B 26 23 23 A6 28 0C 29 02 3C 28 43 29 03 0A AA 23 21 28 00 90 BA 21 29 00 81 75 81 5C 81 5C 89 BD 74 81 41 3F 5A 83 41 83 5E 83 56 57 8E 77 90 7D 45 77 8B 43 56 5A 21 21 3F 00 81 76 A5 81 A4 A5 81 A4 A5 81 A4 A5 AB AA 23 21 28 00 90 BA 21 29 00 81 75 3F 5A 89 A1 95 6C 55 3F 79 37 81 63 81 63 3F 5A 8A D6 93 8C 57 81 41 49 7F 56 3F 54 5A A5 81 40 81 40 81 40 8F 6F 97 88 77 90 6C 8A D4 5B 30 70 43 56 30 7B 74 81 76 A5 81 A4 A5 81 A4 A5 AB AA 23 21 28 00 90 BA 21 29 00 81 75 83 41 83 5E 83 56 5A 36 44 30 41 6A 7E 8F 9C 30 52 5B 81 41 59 81 76 A5 81 A2 81 97 0C 01 81 97 FF FF 10 28 06 81 97 CD 29 3F 40 28 0B 28 27 28 3A 28 0B 26 23 23 A6 28 0C 29 02 3C 28 43 29 03 0A AA 23 21 28 00 90 BA 21 29 00 81 75 41 2E 81 63 81 63 3F 4D 75 7E 40 75 7F 56 41 30 81 49 81 76 A5 81 A2 FF FF 10 28 07 81 97 CD 29 3F 40 28 0B 28 27 28 3A 28 0B 26 23 23 A6 28 0C 29 02 3C 28 43 29 03 0A AA 23 21 20 00 97 49 21 20 00 81 75 81 63 81 63 8C 62 8E 71 56 75 81 41 6E 32 91 E5 8A 77 64 8D 73 4F 4B 83 5D 81 76 A5 81 A4 A5 81 A4 A5 81 A4 A5 AB AA 23 21 28 00 90 BA 21 29 00 81 75 83 74 83 74 83 93 81 63 81 63 8C 62 8E 71 5B 81 41 55 32 53 6E 30 30 5A 74 81 76 A5 81 A4 A5 81 A4 A5 81 A4 A5 AB AA 23 21 28 00 90 BA 21 29 00 81 75 83 41 83 5E 83 56 5B 81 41 97 49 57 89 EF 30 57 97 88 4B 7F 4C 6E 5A 81 5C 81 5C 41 4F 39 6E 81 41 A5 81 40 81 40 81 40 49 32 30 4F 4B 53 43 73 32 81 48 81 76 A5 81 A2 81 97 08 01 81 97 81 97 10 00 00 81 97 81 97 10 02 01 81 97 AB 81 97 0F 85 81 97 B1 22 41 3A 5C 52 42 5F 4D 45 53 5C 4D 53 47 30 37 2E 4D 45 53 22 FF FF 10 28 08 81 97 CD 29 3F 40 28 0B 28 27 28 3A 28 0B 26 23 23 A6 28 0C 29 02 3C 28 43 29 03 0A AA 23 21 20 00 97 49 21 20 00 81 71 2E 54 53 81 65 91 5E 97 85 81 66 64 53 6E 8D 73 4F 52 81 41 90 48 7B 47 52 6E 75 36 32 81 72 A5 81 A2 FF FF 10 28 09 81 97 CD 29 3F 40 28 0B 28 27 28 3A 28 0B 26 23 23 A6 28 0C 29 02 3C 28 43 29 03 0A AA 23 94 FC 89 C4 81 75 3F 5A 83 41 83 5E 83 56 38 81 41 97 7E 43 3B 56 30 5A 81 63 81 63 81 48 81 76 A5 81 A4 A5 81 A4 A5 81 A4 A5 AB AA 23 94 FC 89 C4 81 75 83 41 83 5E 83 56 54 93 AF 8E 9E 57 81 63 81 63 36 44 30 41 6A 5A 81 65 83 60 83 4A 83 89 81 66 6E 81 41 97 49 5B A5 81 40 81 40 81 40 8E E8 57 93 FC 78 75 78 77 5A 74 81 76 A5 81 A2 81 97 0C 01 81 97 81 97 0C 04 81 97 FF FF 10 28 0A 81 97 CD 29 3F 40 28 0B 28 27 28 3A 28 0B 26 23 23 A6 28 0C 29 02 3C 28 43 29 03 0A AA 23 D0 73 65 24 81 40 81 40 81 40 81 40 81 40 81 40 81 40 81 40 81 40 21 20 00 81 73 81 64 83 73 83 93 83 7C 81 60 83 93 81 64 81 74 A5 81 A4 A5 81 A4 A5 81 A4 A5 AB AA 23 21 20 00 97 49 21 20 00 81 71 36 4F 54 81 5C 81 5C 83 69 83 43 83 58 56 83 5E 83 43 83 7E 83 93 83 4F 4C 81 49 81 72 A5 81 A4 A5 81 A4 A5 81 A4 A5 AB AA 23 21 20 00 97 49 21 20 00 81 71 81 67 83 69 83 43 83 58 81 68 56 7F 52 81 5C 81 5C 8D C5 8B DF 5B 81 41 30 7B 56 30 74 56 81 72 A5 81 A2 81 97 10 02 03 81 97 81 97 08 01 81 97 AB 81 97 0F 85 81 97 B1 22 41 3A 5C 52 42 5F 4D 45 53 5C 4D 53 47 30 37 2E 4D 45 53 22 FF FF 10 28 0B 81 97 CD 29 3F 40 28 0B 28 27 28 3A 28 0B 26 23 23 A6 28 0C 29 02 3C 28 43 29 03 0A AA 23 94 FC 89 C4 81 75 83 45 83 74 83 74 81 63 81 63 81 76 A5 81 A4 A5 81 A4 A5 81 A4 A5 AB AA 23 94 FC 89 C4 81 75 49 78 56 75 81 41 97 49 5B 81 5C 81 5C 81 65 91 C2 93 56 8E 67 81 66 56 75 81 65 91 C2 93 56 8E 67 81 66 75 43 3B 81 41 81 40 81 40 81 40 3F 5A 83 41 83 5E 83 56 7E 95 F8 30 4B 75 55 32 56 5A 81 48 81 76 A5 81 A2 81 97 08 01 81 97 81 97 0C 03 81 97 81 97 10 02 02 81 97 AB 81 97 0F 85 81 97 B1 22 41 3A 5C 52 42 5F 4D 45 53 5C 4D 53 47 30 37 2E 4D 45 53 22 FF FF 10 28 0C 81 97 CD 29 3F 40 28 0B 28 27 28 3A 28 0B 26 23 23 A6 28 0C 29 02 3C 28 43 29 03 0A AA 23 94 FC 89 C4 81 75 3F 5A 83 41 83 5E 83 56 38 81 63 81 63 81 48 81 76 A5 81 A4 A5 81 A4 A5 81 A4 A5 AB AA 23 94 FC 89 C4 81 75 83 45 83 74 83 74 81 63 81 63 55 32 37 43 75 81 48 81 76 A5 81 A4 A5 81 A4 A5 81 A4 A5 AB AA 23 94 FC 89 C4 81 75 83 41 83 5E 83 56 5B 4B 4C 81 41 36 44 30 41 6A 7E 8A EC 5C 47 4B 30 4C 3D 74 81 76 A5 81 A2 81 97 0C 01 81 97 FF FF 10 28 0D 81 97 CD 29 3F 40 28 0B 28 27 28 3A 28 0B 26 23 23 A6 28 0C 29 02 3C 28 43 29 03 0A AA 23 94 FC 89 C4 81 75 2E 75 4F 81 63 81 63 92 6D 4F 52 30 77 53 43 73 32 81 48 81 76 A5 81 A4 A5 81 A4 A5 81 A4 A5 AB AA 23 94 FC 89 C4 81 75 97 52 8F 8F 90 B3 43 30 81 65 8D E5 8C B4 91 67 81 66 5A 97 9D 8E 96 92 B7 74 81 76 A5 81 A2 81 97 0C 05 81 97 FF FF 10 28 0E 81 97 CD 29 3F 40 28 0B 28 27 28 3A 28 0B 26 23 23 A6 28 0C 29 02 3C 28 43 29 03 0A AA 23 94 FC 89 C4 81 75 97 49 81 5C 81 5C 36 8B 71 41 6A 5A 97 5C 92 E8 81 41 2E 4F 4B 5A 81 48 81 76 A5 81 A4 A5 81 A4 A5 81 A4 A5 AB AA 23 21 20 00 97 49 21 20 00 81 75 81 63 81 63 30 70 81 41 49 7F 56 97 5C 92 E8 5B 56 30 81 76 A5 81 A4 A5 81 A4 A5 81 A4 A5 AB AA 23 94 FC 89 C4 81 75 8C 62 8E 71 37 43 75 81 63 81 63 81 48 81 76 A5 81 A4 A5 81 A4 A5 81 A4 A5 AB AA 23 21 20 00 97 49 21 20 00 81 75 8E A9 95 AA 5A 89 C6 57 8B 41 4F 52 97 88 52 81 41 7B 42 7B 42 8C C4 5F 97 E9 7E 96 C2 75 45 37 74 81 76 81 A4 A5 81 A4 A5 81 A4 A5 AB AA 23 D0 73 65 24 81 40 81 40 81 40 81 40 81 40 81 40 81 40 81 40 81 40 21 20 00 81 73 81 64 83 73 83 93 83 7C 81 60 83 93 81 64 81 74 A5 81 A2 81 97 10 00 01 81 97 FF FF 10 28 0F 81 97 CD 29 3F 40 28 0B 28 27 28 3A 28 0B 26 23 23 A6 28 0C 29 02 3C 28 43 29 03 0A AA 23 94 FC 89 C4 81 75 55 32 43 52 81 41 3F 5A 83 41 83 5E 83 56 38 81 63 81 63 81 48 81 76 A5 81 A4 A5 81 A4 A5 81 A4 A5 AB AA 23 21 20 00 97 49 21 20 00 81 75 94 FC 89 C4 5A 95 FB 38 83 68 83 41 57 8B DF 30 7F 4C 37 75 81 41 30 30 44 6F 56 30 37 81 76 A5 81 A4 A5 81 A4 A5 81 A4 A5 AB AA 23 D0 73 65 24 81 40 81 40 81 40 81 40 81 40 81 40 81 40 81 40 81 40 21 20 00 81 73 81 64 83 73 83 93 83 7C 81 60 83 93 81 64 81 74 A5 81 A2 81 97 10 00 02 81 97 FF FF 10 28 10 81 97 CD 29 3F 40 28 0B 28 27 28 3A 28 0B 26 23 23 A6 28 0C 29 02 3C 28 43 29 03 0A AA 23 94 FC 89 C4 81 75 83 41 83 5E 83 56 81 41 8C 67 91 D1 93 64 98 62 7E 8E 9D 4F 52 30 77 6E 5A 81 76 A5 81 A4 A5 81 A4 A5 81 A4 A5 AB AA 23 94 FC 89 C4 81 75 83 41 83 5E 83 56 57 97 70 8E 96 38 2E 77 56 75 81 41 8C 67 91 D1 93 64 98 62 38 96 C2 77 7B 74 81 76 A5 81 A4 A5 81 A4 A5 81 A4 A5 AB AA 23 21 20 00 97 49 21 20 00 81 75 94 FC 89 C4 5A 8E E6 76 8A AA 39 5A 92 6A 4B 4D 7E 81 41 8A 4F 57 91 D2 4B 47 52 30 77 7F 44 6F A5 81 40 81 40 81 40 56 30 5A 37 81 48 81 76 A5 81 A4 A5 81 A4 A5 AB AA 23 21 20 00 97 49 21 20 00 81 75 39 4F 54 49 30 50 75 38 81 41 83 56 83 72 83 8C 7E 90 D8 75 43 52 81 5C 81 5C 81 76 A5 81 A4 A5 81 A4 A5 81 A4 A5 AB AA 23 94 FC 89 C4 81 75 3F 5A 97 49 5A 89 C6 57 97 88 77 8E 9E 57 81 41 49 7F 56 92 6A 4B 4D 7E 98 41 78 52 97 88 4B A5 81 40 81 40 81 40 3F 54 56 7F 52 56 30 7B 74 81 63 81 63 8E B8 97 E7 59 81 76 A5 81 A4 A5 81 A4 A5 AB AA 23 D0 73 65 24 81 40 81 40 81 40 81 40 81 40 81 40 81 40 81 40 81 40 21 20 00 81 73 81 64 83 73 83 93 83 7C 81 60 83 93 81 64 81 74 A5 81 A2 81 97 10 00 03 81 97 FF FF 10 28 11 81 97 CD 29 3F 40 28 0B 28 27 28 3A 28 0B 26 23 23 A6 28 0C 29 02 3C 28 43 29 03 0A AA 23 D0 73 65 24 81 40 81 40 81 40 81 40 81 40 81 40 81 40 81 40 81 40 21 20 00 81 73 81 64 83 73 83 93 83 7C 81 60 83 93 81 64 81 74 A5 81 A4 A5 81 A4 A5 81 A4 A5 AB AA 23 D0 73 65 24 81 40 81 40 81 40 81 40 81 40 81 40 81 40 81 40 81 40 21 20 00 81 73 81 64 83 73 83 93 83 7C 81 60 83 93 81 64 81 74 A5 81 A4 A5 81 A4 A5 81 A4 A5 AB AA 23 D0 73 65 24 81 40 81 40 81 40 81 40 81 40 81 40 81 40 81 40 81 40 21 20 00 81 73 81 64 83 73 83 93 83 7C 81 60 83 93 81 64 81 74 A5 81 A2 FF FF 10 28 12 81 97 CD 29 3F 40 28 0B 28 27 28 3A 28 0B 26 23 23 A6 28 0C 29 02 3C 28 43 29 03 0A AA 23 94 FC 89 C4 81 75 83 45 83 74 83 74 81 63 81 63 70 4F 54 81 41 49 5A 8B 43 57 56 4F 4B 81 48 81 76 A5 81 A2 81 97 08 01 81 97 81 97 10 00 00 81 97 81 97 10 02 03 81 97 AB 81 97 0F 85 81 97 B1 22 41 3A 5C 52 42 5F 4D 45 53 5C 4D 53 47 30 37 2E 4D 45 53 22 FF FF 10 28 13 81 97 CD 29 3F 40 28 0B 28 27 28 3A 28 0B 26 23 23 A6 28 0C 29 02 3C 28 43 29 03 0A AA 23 21 28 00 90 BA 21 29 00 81 75 81 5C 81 5C 8E B8 97 E7 30 4B 43 6A 45 81 76 A5 81 A2 81 97 10 00 00 81 97 81 97 08 01 81 97 AB B1 22 41 3A 5C 52 42 5F 4D 45 53 5C 4D 53 47 31 31 2E 4D 45 53 22 FF FF FF FE










A3
CD 29 02 00 22 47 20 30 20 31 31 20 33 31 32 20 35 38 20 38 38 22
CD 29 02 00 22 43 20 30 20 31 31 20 33 31 32 20 35 38 20 38 38 20 31 20 31 31 20 33 31 32 22
CD 29 02 00 22 41 20 30 22
CD 29 30 50 23 23 28 4F 29 03 0F
A6 28 0C 29 02 3C 28 43 29 03 0A
BC A2 0B 88 81 97 A4 0F 88
81 97
D0 23
D0 24
81 97
0B 88
81 97
A3
AB AA 23 21 20 00 97 49 21 20 00 81 71 81 5C 81 5C 41 81 45 52 81 45 54 81 72 A5 81 A4 A5 81 A4 A5 81 A4 A5 AB AA 23 21 20 00 97 49 21 20 00 81 71 8D A1 93 FA 5B 81 41 90 6D 41 7F 38 81 65 91 5E 97 85 81 66 5A 93 58 94 D4 7E 43 52 3B 78 77 43 81 5C 81 5C 81 72 81 A4 A5 81 A4 A5 81 A4 A5 AB AA 23 21 20 00 97 49 21 20 00 81 71 6A 2E 81 63 81 63 81 67 93 58 94 D4 7E 43 52 3B 78 77 81 68 54 30 4F 52 6E 81 41 6E 54 6E 54 5B 81 40 81 40 81 40 90 6D 41 7F 5A 8B 69 92 83 93 58 4C 3D 55 59 81 72 A5 81 A4 A5 81 A4 A5 AB AA 23 21 20 00 97 49 21 20 00 81 71 8B 76 43 62 76 5A 83 49 83 74 4C 43 81 5C 81 5C 81 72 A5 81 A4 A5 81 A4 A5 81 A4 A5 AB AA 23 21 20 00 97 49 21 20 00 81 71 82 50 93 FA 92 86 81 63 81 63 92 8B 90 51 53 6E 43 52 74 32 37 56 81 72 A5 81 A4 A5 81 A4 A5 81 A4 A5 AB AA 23 21 28 00 90 BA 21 29 00 81 75 97 49 81 5C 81 5C 81 76 A5 81 A4 A5 81 A4 A5 81 A4 A5 AB AA 23 21 28 00 90 BA 21 29 00 81 75 81 5C 81 5C 97 49 81 41 3F 4D 75 7E 40 75 7F 56 41 30 81 76 A5 81 A2 A4 10 02 01 81 97 BC A2 0F 8A 81 97 A4 0B 8A 81 97 CD 29 02 00 22 41 20 31 22 CD 29 17 00 22 43 6F 70 79 20 41 3A 5C 52 42 5F 50 41 52 54 53 5C 47 5F 45 52 41 53 45 52 2E 47 50 43 2C 47 50 43 22 CF 23 23 CD 29 02 00 22 41 20 30 22 CD 29 30 50 28 05 23 28 4A 29 02 42 A3 81 97 0B 8A 81 97 CD 29 02 00 22 41 20 31 22 C9 22 42 3A 5C 52 42 5F 47 50 43 5C 52 42 5F 30 36 2E 47 50 43 22 CF 23 26 CD 29 17 00 22 43 6F 70 79 20 41 3A 5C 52 42 5F 50 41 52 54 53 5C 47 5F 46 52 41 4D 45 30 2E 47 50 43 2C 47 50 43 22 CF 23 23 CD 29 17 00 22 43 6F 70 79 20 41 3A 5C 52 42 5F 50 41 52 54 53 5C 47 5F 46 52 41 4D 45 31 2E 47 50 43 2C 47 50 43 22 CF 23 23 CD 29 17 00 22 43 6F 70 79 20 41 3A 5C 52 42 5F 50 41 52 54 53 5C 47 5F 46 52 41 4D 45 32 2E 47 50 43 2C 47 50 43 22 CF 23 23 BC A2 10 2C 01 81 97 A4 81 97 10 2C 01 81 97 C0 22 41 3A 5C 52 42 5F 4D 45 53 5C 55 53 4F 5F 47 4C 49 50 2E 4D 45 43 22 23 C0 23 A3 CD 29 02 00 22 41 20 30 22 BC A2 0B 85 81 97 CD 29 30 50 28 05 23 28 4A 29 02 42 A4 0F 85 81 97 CD 29 6F 40 28 06 23 28 49 29 02 37 26 24 25 28 22 A3 81 97 0B 85 81 97 BC A2 0B 88 81 97 A4 0F 88 81 97 D0 23 D0 24 81 97 0B 88 81 97 A3 CD 29 02 00 22 47 20 30 20 31 31 20 33 31 32 20 35 38 20 38 38 22 CD 29 3F 40 28 0B 28 27 28 3A 28 0B 26 23 23 A6 28 0C 29 02 3C 28 43 29 03 0A AA 23 21 20 00 97 49 21 20 00 81 75 2E 7F 6A 76 83 49 83 57 83 54 83 93 7E 81 41 37 75 37 32 83 82 83 6D 44 6F 56 30 74 81 76 A5 81 A4 A5 81 A4 A5 81 A4 A5 AB AA 23 94 FC 89 C4 81 75 89 BD 30 4F 52 77 5A 81 63 81 63 97 49 5B 81 41 6A 4C 93 F1 8F 5C 8E 6C 8D CE 53 43 73 32 81 48 81 76 A5 81 A2 A4 10 02 02 81 97 BC A2 0F 8A 81 97 A4 0B 8A 81 97 CD 29 02 00 22 41 20 31 22 CD 29 17 00 22 43 6F 70 79 20 41 3A 5C 52 42 5F 50 41 52 54 53 5C 47 5F 45 52 41 53 45 52 2E 47 50 43 2C 47 50 43 22 CF 23 23 CD 29 02 00 22 41 20 30 22 CD 29 30 50 28 05 23 28 4A 29 02 42 A3 81 97 0B 8A 81 97 CD 29 02 00 22 41 20 31 22 C9 22 42 3A 5C 52 42 5F 47 50 43 5C 52 42 5F 30 36 2E 47 50 43 22 CF 23 26 CD 29 17 00 22 43 6F 70 79 20 41 3A 5C 52 42 5F 50 41 52 54 53 5C 47 5F 46 52 41 4D 45 30 2E 47 50 43 2C 47 50 43 22 CF 23 23 CD 29 17 00 22 43 6F 70 79 20 41 3A 5C 52 42 5F 50 41 52 54 53 5C 47 5F 46 52 41 4D 45 31 2E 47 50 43 2C 47 50 43 22 CF 23 23 CD 29 17 00 22 43 6F 70 79 20 41 3A 5C 52 42 5F 50 41 52 54 53 5C 47 5F 46 52 41 4D 45 32 2E 47 50 43 2C 47 50 43 22 CF 23 23 BC A2 10 2C 01 81 97 A4 81 97 10 2C 01 81 97 C0 22 41 3A 5C 52 42 5F 4D 45 53 5C 55 53 4F 5F 47 4C 49 50 2E 4D 45 43 22 23 C0 23 A3 CD 29 02 00 22 41 20 30 22 BC A2 0B 85 81 97 CD 29 30 50 28 05 23 28 4A 29 02 42 A4 0F 85 81 97 CD 29 6F 40 28 06 23 28 49 29 02 37 26 24 25 28 22 A3 81 97 0B 85 81 97 BC A2 0B 88 81 97 A4 0F 88 81 97 D0 23 D0 24 81 97 0B 88 81 97 A3 CD 29 02 00 22 47 20 30 20 31 31 20 33 31 32 20 35 38 20 38 38 22 CD 29 3F 40 28 0B 28 27 28 3A 28 0B 26 23 23 A6 28 0C 29 02 3C 28 43 29 03 0A AA 23 D0 73 65 24 81 40 81 40 81 40 81 40 81 40 81 40 81 40 81 40 81 40 21 20 00 81 73 81 64 83 73 83 93 83 7C 81 60 83 93 81 64 81 74 A5 81 A2 A3 AB 81 6F CD 29 02 00 22 41 20 31 22 CD 29 02 00 22 4F 20 30 2C 50 20 30 20 31 31 20 33 31 32 22 BC A2 10 02 00 81 97 BC A2 08 01 08 02 81 97 CD 29 17 00 22 43 6F 70 79 20 41 3A 5C 52 42 5F 50 41 52 54 53 5C 43 4F 4D 5F 57 49 4E 31 2E 47 50 43 2C 47 50 43 22 CF 23 23 28 0B 29 02 38 CD 29 17 00 22 43 6F 70 79 20 41 3A 5C 52 42 5F 50 41 52 54 53 5C 43 4F 4D 5F 57 49 4E 33 2E 47 50 43 2C 47 50 43 22 CF 23 23 28 0B 29 02 4E A4 0C 01 08 02 81 97 CD 29 17 00 22 43 6F 70 79 20 41 3A 5C 52 42 5F 50 41 52 54 53 5C 43 4F 4D 5F 57 49 4E 31 2E 47 50 43 2C 47 50 43 22 CF 23 23 28 0B 29 02 38 CD 29 17 00 22 43 6F 70 79 20 41 3A 5C 52 42 5F 50 41 52 54 53 5C 43 4F 4D 5F 57 49 4E 32 2E 47 50 43 2C 47 50 43 22 CF 23 23 28 0B 29 02 4E CD 29 17 00 22 43 6F 70 79 20 41 3A 5C 52 42 5F 50 41 52 54 53 5C 43 4F 4D 5F 57 49 4E 33 2E 47 50 43 2C 47 50 43 22 CF 23 23 28 0B 29 02 63 A4 08 01 0C 02 81 97 CD 29 17 00 22 43 6F 70 79 20 41 3A 5C 52 42 5F 50 41 52 54 53 5C 43 4F 4D 5F 57 49 4E 31 2E 47 50 43 2C 47 50 43 22 CF 23 23 28 0B 29 02 38 CD 29 17 00 22 43 6F 70 79 20 41 3A 5C 52 42 5F 50 41 52 54 53 5C 43 4F 4D 5F 57 49 4E 32 2E 47 50 43 2C 47 50 43 22 CF 23 23 28 0B 29 02 4E CD 29 17 00 22 43 6F 70 79 20 41 3A 5C 52 42 5F 50 41 52 54 53 5C 43 4F 4D 5F 57 49 4E 33 2E 47 50 43 2C 47 50 43 22 CF 23 23 28 0B 29 02 63 A4 0C 01 0C 02 81 97 CD 29 17 00 22 43 6F 70 79 20 41 3A 5C 52 42 5F 50 41 52 54 53 5C 43 4F 4D 5F 57 49 4E 31 2E 47 50 43 2C 47 50 43 22 CF 23 23 28 0B 29 02 38 CD 29 17 00 22 43 6F 70 79 20 41 3A 5C 52 42 5F 50 41 52 54 53 5C 43 4F 4D 5F 57 49 4E 32 2E 47 50 43 2C 47 50 43 22 CF 23 23 28 0B 29 02 4E CD 29 17 00 22 43 6F 70 79 20 41 3A 5C 52 42 5F 50 41 52 54 53 5C 43 4F 4D 5F 57 49 4E 32 2E 47 50 43 2C 47 50 43 22 CF 23 23 28 0B 29 02 63 CD 29 17 00 22 43 6F 70 79 20 41 3A 5C 52 42 5F 50 41 52 54 53 5C 43 4F 4D 5F 57 49 4E 33 2E 47 50 43 2C 47 50 43 22 CF 23 23 28 0B 29 02 78 A3 A4 10 02 01 81 97 CD 29 17 00 22 43 6F 70 79 20 41 3A 5C 52 42 5F 50 41 52 54 53 5C 43 4F 4D 5F 57 49 4E 31 2E 47 50 43 2C 47 50 43 22 CF 23 23 28 0B 29 02 38 CD 29 17 00 22 43 6F 70 79 20 41 3A 5C 52 42 5F 50 41 52 54 53 5C 43 4F 4D 5F 57 49 4E 33 2E 47 50 43 2C 47 50 43 22 CF 23 23 28 0B 29 02 4E A4 10 02 02 81 97 CD 29 17 00 22 43 6F 70 79 20 41 3A 5C 52 42 5F 50 41 52 54 53 5C 43 4F 4D 5F 57 49 4E 31 2E 47 50 43 2C 47 50 43 22 CF 23 23 28 0B 29 02 38 CD 29 17 00 22 43 6F 70 79 20 41 3A 5C 52 42 5F 50 41 52 54 53 5C 43 4F 4D 5F 57 49 4E 32 2E 47 50 43 2C 47 50 43 22 CF 23 23 28 0B 29 02 4E CD 29 17 00 22 43 6F 70 79 20 41 3A 5C 52 42 5F 50 41 52 54 53 5C 43 4F 4D 5F 57 49 4E 33 2E 47 50 43 2C 47 50 43 22 CF 23 23 28 0B 29 02 63 A3 BC A2 10 02 00 81 97 A7 28 0C 29 02 3C BC A2 10 00 00 81 97 81 77 81 63 81 63 32 77 41 30 56 2E 81 78 A4 10 00 01 81 97 81 77 81 63 81 63 96 B3 8E 8B 81 41 83 80 83 56 81 78 A4 10 00 02 81 97 81 77 49 7F 56 3F 54 81 63 81 63 83 49 83 8C 5B 81 41 97 8A 7F 4C 89 AF 34 38 56 30 81 78 A4 10 00 03 81 97 81 77 81 63 81 63 6E 32 81 41 8B 41 78 74 81 78 A3 A7 28 0C 29 02 51 BC A2 08 01 81 97 81 77 81 63 81 63 8F AD 43 81 41 96 D9 4F 52 30 52 3B 78 56 30 37 81 78 A4 0C 01 81 97 81 77 49 78 5B 81 41 49 78 5B 81 63 81 63 81 78 A3 BC A2 08 01 08 02 81 97 A4 0C 01 08 02 81 97 A7 28 0C 29 02 66 81 77 49 32 30 34 5C 81 63 81 63 92 A9 83 81 83 56 81 41 6A 4C 90 48 4F 52 30 56 37 4F 4B 81 78 A4 08 01 0C 02 81 97 A7 28 0C 29 02 66 81 77 43 73 32 38 56 30 56 2E 81 63 81 63 81 78 A4 0C 01 0C 02 81 97 A7 28 0C 29 02 66 81 77 43 73 32 38 56 30 56 2E 81 63 81 63 81 78 A7 28 0C 29 02 7B 81 77 49 32 30 34 5C 81 63 81 63 92 A9 83 81 83 56 81 41 6A 4C 90 48 4F 52 30 56 37 4F 4B 81 78 A3 A4 10 02 01 81 97 A7 28 0C 29 02 3C BC A2 08 01 81 97 81 77 30 30 37 3E 7F 57 43 52 81 41 6E 32 8B 41 78 74 81 5C 81 5C 94 FC 89 C4 81 78 A4 0C 01 81 97 81 77 6A 4F 4B 3B 81 63 81 63 8D A2 4F 4B 36 8F EC 41 6A 4C 56 81 78 A3 A7 28 0C 29 02 51 81 77 94 FC 89 C4 81 5C 81 5C 36 8F EC 41 6A 56 75 81 41 36 8F EC 41 6A 75 43 3B 43 52 30 79 74 81 78 A4 10 02 02 81 97 BC A2 08 05 81 97 A7 28 0C 29 02 3C BC A2 08 01 81 97 81 77 94 FC 89 C4 5B 81 63 81 63 83 49 83 8C 57 81 41 8D 9B 78 52 30 77 5A 37 81 48 81 78 A4 0C 01 81 97 81 77 36 44 30 41 6A 81 63 81 63 59 34 81 78 A3 A4 0C 05 81 97 81 97 A3 BC A2 08 05 81 97 A7 28 0C 29 02 51 A4 0C 05 81 97 A7 28 0C 29 02 3C A3 BC A2 10 00 00 81 97 81 77 92 4E 37 97 88 4B 74 32 4C 81 63 81 63 81 78 A4 10 00 01 81 97 81 77 94 FC 89 C4 81 41 4D 73 4F 54 8F 6F 52 6B 52 3B 78 56 30 37 81 78 A4 10 00 02 81 97 81 77 5E 73 4F 54 43 4B 75 81 41 94 FC 89 C4 57 97 70 8E 96 37 6E 92 6D 78 56 30 83 5D 81 78 A4 10 00 03 81 97 81 77 43 50 3F 30 56 2E 81 63 81 63 2E 39 75 6D 52 81 41 8B 41 78 5C 30 30 5A 57 81 78 A3 BC A2 08 05 81 97 A7 28 0C 29 02 66 A4 0C 05 81 97 A7 28 0C 29 02 51 A3 81 77 94 FC 89 C4 81 5C 81 5C 96 5D 6B 92 CA 76 81 41 8C A9 52 70 77 83 5B 81 49 81 78 BC A2 08 05 81 97 81 97 A4 0C 05 81 97 A7 28 0C 29 02 66 81 77 81 5C 81 5C 89 9F 94 84 81 41 8A A9 97 55 56 75 36 92 66 7B 76 4C 81 49 81 78 A3 A3 CD 29 02 00 22 41 20 30 22 CD 29 30 50 28 0B 29 02 38 28 44 29 03 0F CD 29 50 40 23 2A 62 30 BC A2 10 02 00 81 97 BC A2 08 01 08 02 81 97 CD 29 6B 40 28 65 28 58 29 02 3B 29 04 27 29 02 62 81 97 0F 87 81 97 BB A2 0F 87 81 97 C5 23 28 10 C5 24 28 10 CD 29 50 40 24 23 24 24 26 29 07 06 A3 A4 0C 01 08 02 81 97 CD 29 6B 40 28 65 28 58 29 02 3B 29 04 27 29 02 77 81 97 0F 87 81 97 BB A2 0F 87 81 97 C5 23 28 10 C5 24 28 10 CD 29 50 40 24 23 24 24 27 29 07 06 A3 A4 08 01 0C 02 81 97 CD 29 6B 40 28 65 28 58 29 02 3B 29 04 27 29 02 77 81 97 0F 87 81 97 BB A2 0F 87 81 97 C5 23 28 10 C5 24 28 10 CD 29 50 40 24 23 24 24 27 29 07 06 A3 A4 0C 01 0C 02 81 97 CD 29 6B 40 28 65 28 58 29 02 3B 29 04 27 29 03 0F 81 97 0F 87 81 97 BB A2 0F 87 81 97 C5 23 28 10 C5 24 28 10 CD 29 50 40 24 23 24 24 28 05 29 07 06 A3 A3 BC A2 10 22 00 81 97 A4 10 22 01 81 97 BC A2 10 00 00 81 97 81 97 10 28 01 81 97 A4 10 00 01 81 97 81 97 10 28 02 81 97 A4 10 00 02 81 97 81 97 10 28 03 81 97 A4 10 00 03 81 97 81 97 10 28 04 81 97 A3 A4 10 22 02 81 97 BC A2 08 01 81 97 81 97 10 28 05 81 97 A4 0C 01 81 97 81 97 10 28 06 81 97 A3 A4 10 22 03 81 97 BC A2 08 01 08 02 81 97 81 97 A4 0C 01 08 02 81 97 81 97 10 28 08 81 97 A4 08 01 0C 02 81 97 81 97 10 28 07 81 97 A4 0C 01 0C 02 81 97 81 97 10 28 07 81 97 A3 A4 10 22 04 81 97 BC A2 08 01 08 02 81 97 81 97 A4 0C 01 08 02 81 97 81 97 A4 08 01 0C 02 81 97 81 97 A4 0C 01 0C 02 81 97 81 97 10 28 08 81 97 A3 A3 A4 10 02 01 81 97 CD 29 6B 40 28 65 28 58 29 02 3B 29 04 27 29 02 62 81 97 0F 87 81 97 BB A2 0F 87 81 97 C5 23 28 10 C5 24 28 10 CD 29 50 40 24 23 24 24 26 29 07 06 A3 BC A2 10 22 00 81 97 81 97 A4 10 22 01 81 97 BC A2 08 01 81 97 81 97 10 28 09 81 97 A4 0C 01 81 97 81 97 10 28 0A 81 97 A3 A4 10 22 02 81 97 81 97 10 28 0B 81 97 A3 A4 10 02 02 81 97 CD 29 6B 40 28 65 28 58 29 02 3B 29 04 27 29 02 77 81 97 0F 87 81 97 BB A2 0F 87 81 97 C5 23 28 10 C5 24 28 10 CD 29 50 40 24 23 24 24 27 29 07 06 A3 BC A2 08 05 81 97 BC A2 10 22 00 81 97 81 97 A4 10 22 01 81 97 BC A2 08 01 81 97 81 97 10 28 0C 81 97 A4 0C 01 81 97 81 97 10 28 0D 81 97 A3 A4 10 22 02 81 97 BC A2 10 00 00 81 97 81 97 10 28 0E 81 97 A4 10 00 01 81 97 81 97 10 28 0F 81 97 A4 10 00 02 81 97 81 97 10 28 10 81 97 A4 10 00 03 81 97 81 97 10 28 11 81 97 A3 A4 10 22 03 81 97 81 97 10 28 12 81 97 A3 A4 0C 05 81 97 BC A2 10 22 00 81 97 81 97 A4 10 22 01 81 97 BC A2 10 00 00 81 97 81 97 10 28 0E 81 97 A4 10 00 01 81 97 81 97 10 28 0F 81 97 A4 10 00 02 81 97 81 97 10 28 10 81 97 A4 10 00 03 81 97 81 97 10 28 11 81 97 A3 A4 10 22 02 81 97 81 97 10 28 12 81 97 A4 10 22 03 81 97 81 97 10 28 13 81 97 A3 A3 A3 AF AB 81 70 FF FF 10 28 00 81 97 FF FF 10 28 01 81 97 CD 29 3F 40 28 0B 28 27 28 3A 28 0B 26 23 23 A6 28 0C 29 02 3C 28 43 29 03 0A AA 23 21 28 00 90 BA 21 29 00 81 75 81 67 32 77 41 30 81 68 4F 52 81 41 89 BD 74 81 63 81 63 8E B8 97 E7 59 81 49 81 76 A5 81 A4 A5 81 A4 A5 81 A4 A5 AB AA 23 21 28 00 90 BA 21 29 00 81 75 3F 4F 4D 7E 8C FC 39 56 41 30 81 41 97 49 81 5C 81 5C 21 21 21 00 81 76 A5 81 A2 81 97 10 00 01 81 97 FF FF 10 28 02 81 97 CD 29 3F 40 28 0B 28 27 28 3A 28 0B 26 23 23 A6 28 0C 29 02 3C 28 43 29 03 0A AA 23 21 28 00 90 BA 21 29 00 81 75 89 BD 74 81 41 3F 5A 83 41 83 5E 83 56 7E 96 B3 8E 8B 45 77 8B 43 81 5C 81 5C 21 21 3F 00 81 76 A5 81 A4 A5 81 A4 A5 81 A4 A5 AB AA 23 21 28 00 90 BA 21 29 00 81 75 97 49 57 89 EF 32 83 5E 83 81 57 81 41 7B 42 7B 42 3F 5A 89 A1 95 6C 6A 53 97 88 52 8F E3 3E 4B A5 81 40 81 40 81 40 54 30 32 5A 57 81 49 81 76 A5 81 A2 81 97 10 00 02 81 97 FF FF 10 28 03 81 97 CD 29 3F 40 28 0B 28 27 28 3A 28 0B 26 23 23 A6 28 0C 29 02 3C 28 43 29 03 0A AA 23 21 28 00 90 BA 21 29 00 81 75 83 41 83 5E 83 56 5B 81 41 59 81 5C 81 5C 81 76 A5 81 A4 A5 81 A4 A5 81 A4 A5 AB AA 23 21 28 00 90 BA 21 29 00 81 75 36 44 30 41 6A 5A 36 8C BE 30 50 3D 53 81 41 3F 3F 64 97 88 52 30 77 5A 74 81 76 A5 81 A4 A5 81 A4 A5 81 A4 A5 AB AA 23 21 28 00 90 BA 21 29 00 81 75 83 41 83 5E 83 56 5A 36 44 30 41 6A 81 63 81 63 97 49 5A 3F 54 38 81 41 36 8B 43 57 93 FC 76 A5 81 40 81 40 81 40 56 7F 4C 6E 5A 81 76 A5 81 A2 81 97 10 00 03 81 97 81 97 0C 02 81 97 FF FF 10 28 04 81 97 CD 29 3F 40 28 0B 28 27 28 3A 28 0B 26 23 23 A6 28 0C 29 02 3C 28 43 29 03 0A AA 23 21 28 00 90 BA 21 29 00 81 75 83 43 83 84 74 81 5C 81 5C 81 49 81 76 A5 81 A2 FF FF 10 28 05 81 97 CD 29 3F 40 28 0B 28 27 28 3A 28 0B 26 23 23 A6 28 0C 29 02 3C 28 43 29 03 0A AA 23 21 28 00 90 BA 21 29 00 81 75 81 5C 81 5C 89 BD 74 81 41 3F 5A 83 41 83 5E 83 56 57 8E 77 90 7D 45 77 8B 43 56 5A 21 21 3F 00 81 76 A5 81 A4 A5 81 A4 A5 81 A4 A5 AB AA 23 21 28 00 90 BA 21 29 00 81 75 3F 5A 89 A1 95 6C 55 3F 79 37 81 63 81 63 3F 5A 8A D6 93 8C 57 81 41 49 7F 56 3F 54 5A A5 81 40 81 40 81 40 8F 6F 97 88 77 90 6C 8A D4 5B 30 70 43 56 30 7B 74 81 76 A5 81 A4 A5 81 A4 A5 AB AA 23 21 28 00 90 BA 21 29 00 81 75 83 41 83 5E 83 56 5A 36 44 30 41 6A 7E 8F 9C 30 52 5B 81 41 59 81 76 A5 81 A2 81 97 0C 01 81 97 FF FF 10 28 06 81 97 CD 29 3F 40 28 0B 28 27 28 3A 28 0B 26 23 23 A6 28 0C 29 02 3C 28 43 29 03 0A AA 23 21 28 00 90 BA 21 29 00 81 75 41 2E 81 63 81 63 3F 4D 75 7E 40 75 7F 56 41 30 81 49 81 76 A5 81 A2 FF FF 10 28 07 81 97 CD 29 3F 40 28 0B 28 27 28 3A 28 0B 26 23 23 A6 28 0C 29 02 3C 28 43 29 03 0A AA 23 21 20 00 97 49 21 20 00 81 75 81 63 81 63 8C 62 8E 71 56 75 81 41 6E 32 91 E5 8A 77 64 8D 73 4F 4B 83 5D 81 76 A5 81 A4 A5 81 A4 A5 81 A4 A5 AB AA 23 21 28 00 90 BA 21 29 00 81 75 83 74 83 74 83 93 81 63 81 63 8C 62 8E 71 5B 81 41 55 32 53 6E 30 30 5A 74 81 76 A5 81 A4 A5 81 A4 A5 81 A4 A5 AB AA 23 21 28 00 90 BA 21 29 00 81 75 83 41 83 5E 83 56 5B 81 41 97 49 57 89 EF 30 57 97 88 4B 7F 4C 6E 5A 81 5C 81 5C 41 4F 39 6E 81 41 A5 81 40 81 40 81 40 49 32 30 4F 4B 53 43 73 32 81 48 81 76 A5 81 A2 81 97 08 01 81 97 81 97 10 00 00 81 97 81 97 10 02 01 81 97 AB 81 97 0F 85 81 97 B1 22 41 3A 5C 52 42 5F 4D 45 53 5C 4D 53 47 30 37 2E 4D 45 53 22 FF FF 10 28 08 81 97 CD 29 3F 40 28 0B 28 27 28 3A 28 0B 26 23 23 A6 28 0C 29 02 3C 28 43 29 03 0A AA 23 21 20 00 97 49 21 20 00 81 71 2E 54 53 81 65 91 5E 97 85 81 66 64 53 6E 8D 73 4F 52 81 41 90 48 7B 47 52 6E 75 36 32 81 72 A5 81 A2 FF FF 10 28 09 81 97 CD 29 3F 40 28 0B 28 27 28 3A 28 0B 26 23 23 A6 28 0C 29 02 3C 28 43 29 03 0A AA 23 94 FC 89 C4 81 75 3F 5A 83 41 83 5E 83 56 38 81 41 97 7E 43 3B 56 30 5A 81 63 81 63 81 48 81 76 A5 81 A4 A5 81 A4 A5 81 A4 A5 AB AA 23 94 FC 89 C4 81 75 83 41 83 5E 83 56 54 93 AF 8E 9E 57 81 63 81 63 36 44 30 41 6A 5A 81 65 83 60 83 4A 83 89 81 66 6E 81 41 97 49 5B A5 81 40 81 40 81 40 8E E8 57 93 FC 78 75 78 77 5A 74 81 76 A5 81 A2 81 97 0C 01 81 97 81 97 0C 04 81 97 FF FF 10 28 0A 81 97 CD 29 3F 40 28 0B 28 27 28 3A 28 0B 26 23 23 A6 28 0C 29 02 3C 28 43 29 03 0A AA 23 D0 73 65 24 81 40 81 40 81 40 81 40 81 40 81 40 81 40 81 40 81 40 21 20 00 81 73 81 64 83 73 83 93 83 7C 81 60 83 93 81 64 81 74 A5 81 A4 A5 81 A4 A5 81 A4 A5 AB AA 23 21 20 00 97 49 21 20 00 81 71 36 4F 54 81 5C 81 5C 83 69 83 43 83 58 56 83 5E 83 43 83 7E 83 93 83 4F 4C 81 49 81 72 A5 81 A4 A5 81 A4 A5 81 A4 A5 AB AA 23 21 20 00 97 49 21 20 00 81 71 81 67 83 69 83 43 83 58 81 68 56 7F 52 81 5C 81 5C 8D C5 8B DF 5B 81 41 30 7B 56 30 74 56 81 72 A5 81 A2 81 97 10 02 03 81 97 81 97 08 01 81 97 AB 81 97 0F 85 81 97 B1 22 41 3A 5C 52 42 5F 4D 45 53 5C 4D 53 47 30 37 2E 4D 45 53 22 FF FF 10 28 0B 81 97 CD 29 3F 40 28 0B 28 27 28 3A 28 0B 26 23 23 A6 28 0C 29 02 3C 28 43 29 03 0A AA 23 94 FC 89 C4 81 75 83 45 83 74 83 74 81 63 81 63 81 76 A5 81 A4 A5 81 A4 A5 81 A4 A5 AB AA 23 94 FC 89 C4 81 75 49 78 56 75 81 41 97 49 5B 81 5C 81 5C 81 65 91 C2 93 56 8E 67 81 66 56 75 81 65 91 C2 93 56 8E 67 81 66 75 43 3B 81 41 81 40 81 40 81 40 3F 5A 83 41 83 5E 83 56 7E 95 F8 30 4B 75 55 32 56 5A 81 48 81 76 A5 81 A2 81 97 08 01 81 97 81 97 0C 03 81 97 81 97 10 02 02 81 97 AB 81 97 0F 85 81 97 B1 22 41 3A 5C 52 42 5F 4D 45 53 5C 4D 53 47 30 37 2E 4D 45 53 22 FF FF 10 28 0C 81 97 CD 29 3F 40 28 0B 28 27 28 3A 28 0B 26 23 23 A6 28 0C 29 02 3C 28 43 29 03 0A AA 23 94 FC 89 C4 81 75 3F 5A 83 41 83 5E 83 56 38 81 63 81 63 81 48 81 76 A5 81 A4 A5 81 A4 A5 81 A4 A5 AB AA 23 94 FC 89 C4 81 75 83 45 83 74 83 74 81 63 81 63 55 32 37 43 75 81 48 81 76 A5 81 A4 A5 81 A4 A5 81 A4 A5 AB AA 23 94 FC 89 C4 81 75 83 41 83 5E 83 56 5B 4B 4C 81 41 36 44 30 41 6A 7E 8A EC 5C 47 4B 30 4C 3D 74 81 76 A5 81 A2 81 97 0C 01 81 97 FF FF 10 28 0D 81 97 CD 29 3F 40 28 0B 28 27 28 3A 28 0B 26 23 23 A6 28 0C 29 02 3C 28 43 29 03 0A AA 23 94 FC 89 C4 81 75 2E 75 4F 81 63 81 63 92 6D 4F 52 30 77 53 43 73 32 81 48 81 76 A5 81 A4 A5 81 A4 A5 81 A4 A5 AB AA 23 94 FC 89 C4 81 75 97 52 8F 8F 90 B3 43 30 81 65 8D E5 8C B4 91 67 81 66 5A 97 9D 8E 96 92 B7 74 81 76 A5 81 A2 81 97 0C 05 81 97 FF FF 10 28 0E 81 97 CD 29 3F 40 28 0B 28 27 28 3A 28 0B 26 23 23 A6 28 0C 29 02 3C 28 43 29 03 0A AA 23 94 FC 89 C4 81 75 97 49 81 5C 81 5C 36 8B 71 41 6A 5A 97 5C 92 E8 81 41 2E 4F 4B 5A 81 48 81 76 A5 81 A4 A5 81 A4 A5 81 A4 A5 AB AA 23 21 20 00 97 49 21 20 00 81 75 81 63 81 63 30 70 81 41 49 7F 56 97 5C 92 E8 5B 56 30 81 76 A5 81 A4 A5 81 A4 A5 81 A4 A5 AB AA 23 94 FC 89 C4 81 75 8C 62 8E 71 37 43 75 81 63 81 63 81 48 81 76 A5 81 A4 A5 81 A4 A5 81 A4 A5 AB AA 23 21 20 00 97 49 21 20 00 81 75 8E A9 95 AA 5A 89 C6 57 8B 41 4F 52 97 88 52 81 41 7B 42 7B 42 8C C4 5F 97 E9 7E 96 C2 75 45 37 74 81 76 81 A4 A5 81 A4 A5 81 A4 A5 AB AA 23 D0 73 65 24 81 40 81 40 81 40 81 40 81 40 81 40 81 40 81 40 81 40 21 20 00 81 73 81 64 83 73 83 93 83 7C 81 60 83 93 81 64 81 74 A5 81 A2 81 97 10 00 01 81 97 FF FF 10 28 0F 81 97 CD 29 3F 40 28 0B 28 27 28 3A 28 0B 26 23 23 A6 28 0C 29 02 3C 28 43 29 03 0A AA 23 94 FC 89 C4 81 75 55 32 43 52 81 41 3F 5A 83 41 83 5E 83 56 38 81 63 81 63 81 48 81 76 A5 81 A4 A5 81 A4 A5 81 A4 A5 AB AA 23 21 20 00 97 49 21 20 00 81 75 94 FC 89 C4 5A 95 FB 38 83 68 83 41 57 8B DF 30 7F 4C 37 75 81 41 30 30 44 6F 56 30 37 81 76 A5 81 A4 A5 81 A4 A5 81 A4 A5 AB AA 23 D0 73 65 24 81 40 81 40 81 40 81 40 81 40 81 40 81 40 81 40 81 40 21 20 00 81 73 81 64 83 73 83 93 83 7C 81 60 83 93 81 64 81 74 A5 81 A2 81 97 10 00 02 81 97 FF FF 10 28 10 81 97 CD 29 3F 40 28 0B 28 27 28 3A 28 0B 26 23 23 A6 28 0C 29 02 3C 28 43 29 03 0A AA 23 94 FC 89 C4 81 75 83 41 83 5E 83 56 81 41 8C 67 91 D1 93 64 98 62 7E 8E 9D 4F 52 30 77 6E 5A 81 76 A5 81 A4 A5 81 A4 A5 81 A4 A5 AB AA 23 94 FC 89 C4 81 75 83 41 83 5E 83 56 57 97 70 8E 96 38 2E 77 56 75 81 41 8C 67 91 D1 93 64 98 62 38 96 C2 77 7B 74 81 76 A5 81 A4 A5 81 A4 A5 81 A4 A5 AB AA 23 21 20 00 97 49 21 20 00 81 75 94 FC 89 C4 5A 8E E6 76 8A AA 39 5A 92 6A 4B 4D 7E 81 41 8A 4F 57 91 D2 4B 47 52 30 77 7F 44 6F A5 81 40 81 40 81 40 56 30 5A 37 81 48 81 76 A5 81 A4 A5 81 A4 A5 AB AA 23 21 20 00 97 49 21 20 00 81 75 39 4F 54 49 30 50 75 38 81 41 83 56 83 72 83 8C 7E 90 D8 75 43 52 81 5C 81 5C 81 76 A5 81 A4 A5 81 A4 A5 81 A4 A5 AB AA 23 94 FC 89 C4 81 75 3F 5A 97 49 5A 89 C6 57 97 88 77 8E 9E 57 81 41 49 7F 56 92 6A 4B 4D 7E 98 41 78 52 97 88 4B A5 81 40 81 40 81 40 3F 54 56 7F 52 56 30 7B 74 81 63 81 63 8E B8 97 E7 59 81 76 A5 81 A4 A5 81 A4 A5 AB AA 23 D0 73 65 24 81 40 81 40 81 40 81 40 81 40 81 40 81 40 81 40 81 40 21 20 00 81 73 81 64 83 73 83 93 83 7C 81 60 83 93 81 64 81 74 A5 81 A2 81 97 10 00 03 81 97 FF FF 10 28 11 81 97 CD 29 3F 40 28 0B 28 27 28 3A 28 0B 26 23 23 A6 28 0C 29 02 3C 28 43 29 03 0A AA 23 D0 73 65 24 81 40 81 40 81 40 81 40 81 40 81 40 81 40 81 40 81 40 21 20 00 81 73 81 64 83 73 83 93 83 7C 81 60 83 93 81 64 81 74 A5 81 A4 A5 81 A4 A5 81 A4 A5 AB AA 23 D0 73 65 24 81 40 81 40 81 40 81 40 81 40 81 40 81 40 81 40 81 40 21 20 00 81 73 81 64 83 73 83 93 83 7C 81 60 83 93 81 64 81 74 A5 81 A4 A5 81 A4 A5 81 A4 A5 AB AA 23 D0 73 65 24 81 40 81 40 81 40 81 40 81 40 81 40 81 40 81 40 81 40 21 20 00 81 73 81 64 83 73 83 93 83 7C 81 60 83 93 81 64 81 74 A5 81 A2 FF FF 10 28 12 81 97 CD 29 3F 40 28 0B 28 27 28 3A 28 0B 26 23 23 A6 28 0C 29 02 3C 28 43 29 03 0A AA 23 94 FC 89 C4 81 75 83 45 83 74 83 74 81 63 81 63 70 4F 54 81 41 49 5A 8B 43 57 56 4F 4B 81 48 81 76 A5 81 A2 81 97 08 01 81 97 81 97 10 00 00 81 97 81 97 10 02 03 81 97 AB 81 97 0F 85 81 97 B1 22 41 3A 5C 52 42 5F 4D 45 53 5C 4D 53 47 30 37 2E 4D 45 53 22 FF FF 10 28 13 81 97 CD 29 3F 40 28 0B 28 27 28 3A 28 0B 26 23 23 A6 28 0C 29 02 3C 28 43 29 03 0A AA 23 21 28 00 90 BA 21 29 00 81 75 81 5C 81 5C 8E B8 97 E7 30 4B 43 6A 45 81 76 A5 81 A2 81 97 10 00 00 81 97 81 97 08 01 81 97 AB B1 22 41 3A 5C 52 42 5F 4D 45 53 5C 4D 53 47 31 31 2E 4D 45 53 22 FF FF FF FE